5.200000000000000000e+01 2.500000000000000000e+01
9.200000000000000000e+01 2.500000000000000000e+01
2.410000000000000000e+02 1.530000000000000000e+02
1.680000000000000000e+02 1.220000000000000000e+02
1.480000000000000000e+02 8.600000000000000000e+01
1.070000000000000000e+02 5.800000000000000000e+01
1.630000000000000000e+02 6.900000000000000000e+01
3.120000000000000000e+02 2.350000000000000000e+02
5.530000000000000000e+02 2.210000000000000000e+02
1.344000000000000000e+03 6.500000000000000000e+02
9.910000000000000000e+02 4.710000000000000000e+02
3.690000000000000000e+02 8.200000000000000000e+01
3.130000000000000000e+02 1.330000000000000000e+02
2.160000000000000000e+02 1.130000000000000000e+02
7.070000000000000000e+02 3.300000000000000000e+02
5.700000000000000000e+02 3.300000000000000000e+02
3.700000000000000000e+02 2.200000000000000000e+02
3.760000000000000000e+02 2.010000000000000000e+02
3.740000000000000000e+02 2.180000000000000000e+02
5.380000000000000000e+02 3.100000000000000000e+02
6.470000000000000000e+02 3.170000000000000000e+02
5.590000000000000000e+02 2.500000000000000000e+02
7.520000000000000000e+02 3.860000000000000000e+02
9.620000000000000000e+02 4.560000000000000000e+02
8.250000000000000000e+02 3.470000000000000000e+02
8.950000000000000000e+02 4.240000000000000000e+02
1.162000000000000000e+03 5.690000000000000000e+02
7.690000000000000000e+02 2.010000000000000000e+02
